reqid	754
rspid	75C
system	BCM
PT	B1	B2	B3	B4	B5	B6	B7	B8
754	1	3E
75C	1	7E

754	2	A8	01
75C	34	E8	01	00	04	FF	FF	FF	FF	11	07	BF	EB	CF	FF	DE	02	00	12	03	E3	F8	00	13	05	78	F0	FF	80	E0	14	04	0F	00	7F	7C	15	01	E0	16	01	0F	18	02	FF	F8	19	05	FF	FF	FF	FF	F0

754	2	21	00
75C	6	61	00	00	00	FD	9B

754	2	21	20
75C	6	61	20	B0	00	00	01

754	2	21	40
75C	6	61	40	00	00	00	01

754	2	21	60
75C	6	61	60	00	00	00	01

754	2	21	80
75C	6	61	80	00	00	00	01

754	2	21	A0
75C	6	61	A0	C0	00	C0	01

754	2	21	C0
75C	6	61	C0	00	00	00	01

754	2	21	E0
75C	6	61	E0	C0	00	00	00

754	2	21	11
75C	08	61	11	91	02	00	1E	1E	00

754	2	21	12
75C	4	61	12	00	20

754	2	21	13
75C	7	61	13	78	50	30	00	00

754	2	21	14
75C	5	61	14	00	12	7C

754	2	21	15
75C	3	61	15	20

754	2	21	16
75C	3	61	16	03

754	2	21	18
75C	4	61	18	00	00

754	2	21	19
75C	7	61	19	00	00	02	02	00

754	2	21	1C
75C	1C	61	1C	02	05	02	01	01	02	01	00	01	01	01	00	01	00	01	00	01	00	01	00	01	01	00	00	01	01

754	2	21	1D
75C	08	61	1D	02	E1	02	D5	02	DF

754	2	21	23
75C	3A	61	23	06	00	13	00	00	04	04	08	24	AC	60	24	00	00	BC	FA	08	23	AB	00	33	00	00	B8	66	08	23	AA	C0	44	00	00	98	79	08	23	A9	00	54	00	00	98	3B	08	23	A9	00	63	00	00	6E	28	08	23	A6	C0

754	2	21	24
75C	0B	61	24	73	00	00	6B	D0	08	23	A6	A0

754	2	21	E1
75C	0A	61	E1	00	00	08	44	00	00	81	11

754	2	13	81
75C	2	53	00

754	2	13	82
75C	2	53	00

