reqid	731
rspid	739
PT	B1	B2	B3	B4	B5	B6	B7	B8
731	03	22	D1	00
739	04	62	D1	00	01

731	03	22	02	02
739	04	62	02	02	00

731	03	19	02	8F
739	03	59	02	CA

731	03	22	DE	00
739	10	62	DE	00	48	18	C4	84	E1	07	09	01	47	90	02	24	00

731	03	22	DE	01
739	06	62	DE	01	50	03	00





731	02	10	01
739	06	50	01	00	32	01	F4

731	03	22	33	02
739	05	62	33	02	1E	7D

731	03	22	40	48
739	05	62	40	48	00	00

731	03	22	40	49
739	05	62	40	49	00	00

731	03	22	40	C2
739	04	62	40	C2	82

731	03	22	40	C3
739	04	62	40	C3	82

731	03	22	A2	21
739	04	62	A2	21	8A

731	03	22	C2	5B
739	04	62	C2	5B	02

731	03	22	D1	10
739	05	62	D1	10	05	5F

731	03	22	D1	11
739	04	62	D1	11	8A

731	03	22	D1	12
739	04	62	D1	12	AE

731	03	22	D1	2E
739	05	62	D1	2E	05	6E

731	03	22	D9	70
739	04	62	D9	70	80

731	03	22	D9	71
739	04	62	D9	71	00

731	03	22	D9	72
739	04	62	D9	72	00

731	03	22	D9	73
739	04	62	D9	73	80

731	03	22	D9	74
739	04	62	D9	74	00

731	03	22	D9	75
739	04	62	D9	75	00

731	03	22	D9	77
739	05	62	D9	77	00	00

731	03	22	D9	78
739	05	62	D9	78	03	80

731	03	22	D9	7B
739	07	62	D9	7B	38	A8	60	00

731	03	22	D9	80
739	05	62	D9	80	00	30

731	03	22	D9	81
739	05	62	D9	81	02	6D

731	03	22	D9	82
739	05	62	D9	82	00	C6

731	03	22	D9	83
739	04	62	D9	83	02

731	03	22	D9	84
739	05	62	D9	84	03	F5




































































739	04	62	40	C2	81





















































739	04	62	40	C3	81



































































































739	05	62	D1	10	05	61

739	04	62	D1	11	8B

739	05	62	D1	2E	05	72























739	05	62	D1	10	05	63



739	05	62	D1	2E	05	70





































739	05	62	D1	10	05	5D



739	05	62	D1	2E	05	6C





































739	04	62	D1	12	AD











739	04	62	A2	21	8B











































739	05	62	D1	2E	05	6A













































































































































739	05	62	33	02	1E	7C









739	05	62	D9	81	02	6C





































































































































































739	05	62	D9	82	00	C7











































































739	05	62	D9	84	03	F6


















